participant,contrast,center_x,center_y,center_z,mean_intensity,std_intensity
SUJETO_0000621,con_0002.nii,20,20,20,0.0669749433249988,0.0453270088409914
SUJETO_0005719,con_0002.nii,20,20,20,0.216217934859521,0.0665099705784687
SUJETO_0006562,con_0002.nii,20,20,20,0.0394260487236986,0.028177901414397
SUJETO_0012643,con_0002.nii,20,20,20,0.0894837108713509,0.0321977216567756
SUJETO_0014011,con_0002.nii,20,20,20,0.0622674823842115,0.0506839016420696
SUJETO_0014895,con_0002.nii,20,20,20,-0.0541811572197317,0.0363194311881939
SUJETO_0016883,con_0002.nii,20,20,20,-0.0738770213787152,0.0489991365019654
SUJETO_0020285,con_0002.nii,20,20,20,-0.0567193184226676,0.0627178012363774
SUJETO_0020703,con_0002.nii,20,20,20,0.0770029488649934,0.0434275151334196
SUJETO_0020974,con_0002.nii,20,20,20,0.0566673450938642,0.0620229412117895
SUJETO_0025948,con_0002.nii,20,20,20,0.240439705785853,0.0996476669877847
SUJETO_0026622,con_0002.nii,20,20,20,0.276936964931512,0.0952509441090573
SUJETO_0027033,con_0002.nii,20,20,20,-0.104181730103764,0.0437993320627156
SUJETO_0027042,con_0002.nii,20,20,20,0.106639685146887,0.0452639125560486
SUJETO_0027510,con_0002.nii,20,20,20,-0.207293204323511,0.0661636449280038
SUJETO_0028207,con_0002.nii,20,20,20,-0.0155606471077654,0.0618784670534335
SUJETO_0030383,con_0002.nii,20,20,20,-0.103034261313051,0.0503726877672826
SUJETO_0030459,con_0002.nii,20,20,20,-0.0225292685432265,0.0320161734681335
SUJETO_0031826,con_0002.nii,20,20,20,0.0142412846249462,0.0625153477646751
SUJETO_0032413,con_0002.nii,20,20,20,0.0146092374037688,0.135942838961763
SUJETO_0033050,con_0002.nii,20,20,20,0.0582618767329764,0.0398281923965519
SUJETO_0034539,con_0002.nii,20,20,20,0.461188378358128,0.048735869843824
SUJETO_0036567,con_0002.nii,20,20,20,-0.0980775273602569,0.0574438872309354
SUJETO_0040017,con_0002.nii,20,20,20,0.100238552599242,0.0383518995752637
SUJETO_0040081,con_0002.nii,20,20,20,-0.075122251429341,0.0213144545285858
SUJETO_0048205,con_0002.nii,20,20,20,0.362305265183401,0.065077977052839
SUJETO_0048533,con_0002.nii,20,20,20,-0.0115866343951737,0.0344769794394828
SUJETO_0050473,con_0002.nii,20,20,20,-0.128695915086251,0.0663803834461941
SUJETO_0051018,con_0002.nii,20,20,20,-0.028822339525578,0.0650858199628624
SUJETO_0053568,con_0002.nii,20,20,20,0.101826524946984,0.0364086914074794
SUJETO_0058378,con_0002.nii,20,20,20,-0.129376327035704,0.0583216580874362
SUJETO_005868,con_0002.nii,20,20,20,-0.0368026585760291,0.148185162220313
SUJETO_0065422,con_0002.nii,20,20,20,-0.13079608813154,0.0365747038878933
SUJETO_0066360,con_0002.nii,20,20,20,-0.0247542587616904,0.0341349056252788
SUJETO_0068071,con_0002.nii,20,20,20,-0.0358905338275369,0.0426121243595513
SUJETO_0068784,con_0002.nii,20,20,20,-0.00914724486776524,0.0699329799330899
SUJETO_0071765,con_0002.nii,20,20,20,-0.0773424280600415,0.0340346293659675
SUJETO_0073050,con_0002.nii,20,20,20,-0.132988488405115,0.0560491406488391
SUJETO_0073105,con_0002.nii,20,20,20,0.0628464193614858,0.0395332726366889
SUJETO_0073942,con_0002.nii,20,20,20,0.963441502867323,0.340882753201089
SUJETO_0074431,con_0002.nii,20,20,20,-0.096294073609052,0.0333185096142416
SUJETO_02DE544A,con_0002.nii,20,20,20,-0.114516310280923,0.0422845346845721
SUJETO_06DA9741,con_0002.nii,20,20,20,-0.00560011977042928,0.0351213507198445
SUJETO_07280530,con_0002.nii,20,20,20,-0.00517577179378331,0.0336038275893529
SUJETO_077F2B56,con_0002.nii,20,20,20,-0.0736171434212457,0.103125144151019
SUJETO_0BF947EC,con_0002.nii,20,20,20,-0.00164910805214084,0.0522287392207876
SUJETO_11124BAD,con_0002.nii,20,20,20,-0.136742581735657,0.0490303901045323
SUJETO_151573D2,con_0002.nii,20,20,20,0.139973585947765,0.100862448305517
SUJETO_18C10E9C,con_0002.nii,20,20,20,0.874991457269649,0.256174428850316
SUJETO_1BB5AD4B,con_0002.nii,20,20,20,-0.00185528792666666,0.0329544901913864
SUJETO_1D9A94B2,con_0002.nii,20,20,20,-0.0310733008922802,0.0734945307734312
SUJETO_2158631B,con_0002.nii,20,20,20,-0.0496258249017175,0.0303453589338691
SUJETO_225A39E1,con_0002.nii,20,20,20,0.00506892072500172,0.0267838185990569
SUJETO_2608C5D2,con_0002.nii,20,20,20,-0.392242669363064,0.17065607716534
SUJETO_2736348D,con_0002.nii,20,20,20,-0.109639058491648,0.0559300948457323
SUJETO_282108E8,con_0002.nii,20,20,20,0.168196321606185,0.05235404278133
SUJETO_2A9AAA08,con_0002.nii,20,20,20,-0.226494793902443,0.0824321152692819
SUJETO_2C6C72AD,con_0002.nii,20,20,20,0.28379081024064,0.0801911091981976
SUJETO_2CD1C0E6,con_0002.nii,20,20,20,0.15517320030256,0.0638317502836045
SUJETO_32E036E7,con_0002.nii,20,20,20,0.0774216807513225,0.0623279017027227
SUJETO_33DCFF34,con_0002.nii,20,20,20,0.0426493407382319,0.0365739886258981
SUJETO_39B35DCB,con_0002.nii,20,20,20,-0.047386283200761,0.0707084141181175
SUJETO_3E78614C,con_0002.nii,20,20,20,0.033743095593621,0.095300085294305
SUJETO_4517150C,con_0002.nii,20,20,20,0.060740565344917,0.0846470932942937
SUJETO_4541440B,con_0002.nii,20,20,20,0.0198250231779924,0.0562384444602339
SUJETO_46315DBC,con_0002.nii,20,20,20,0.0127550681436792,0.034734643785168
SUJETO_4CA6CEF4,con_0002.nii,20,20,20,0.0778245496083841,0.0438762938068913
SUJETO_4E042FB0,con_0002.nii,20,20,20,0.000861491796306588,0.0964918300176217
SUJETO_5061298E,con_0002.nii,20,20,20,-0.00481046591367986,0.0497627014803438
SUJETO_529B55B0,con_0002.nii,20,20,20,0.0271945431854369,0.0891005088389471
SUJETO_52C54AB9,con_0002.nii,20,20,20,-0.0164566186134412,0.0823133450099261
SUJETO_587BBCBB,con_0002.nii,20,20,20,-0.108950739223134,0.0406978214988981
SUJETO_5FC6B519,con_0002.nii,20,20,20,0.0377491962475081,0.0490570074904699
SUJETO_61B0C637,con_0002.nii,20,20,20,0.412970112711944,0.205271740234868
SUJETO_63C82DC6,con_0002.nii,20,20,20,0.196553237566894,0.0776167420007134
SUJETO_6462FBBC,con_0002.nii,20,20,20,0.0266401277575171,0.0404803549782852
SUJETO_649D6CD3,con_0002.nii,20,20,20,0.0215970461510799,0.0488681943834795
SUJETO_66362819,con_0002.nii,20,20,20,0.029068258970816,0.0337302032589924
SUJETO_665D6EAB,con_0002.nii,20,20,20,-0.193486599910139,0.0714982821113922
SUJETO_685CAE59,con_0002.nii,20,20,20,0.0830956772863489,0.0618010079536795
SUJETO_6FCE57C3,con_0002.nii,20,20,20,-0.073148602299919,0.0525923050386748
SUJETO_725769F0,con_0002.nii,20,20,20,0.0131406796980894,0.042155253279897
SUJETO_72B8E12C,con_0002.nii,20,20,20,0.00286121843288643,0.0757929772827804
SUJETO_74A044C9,con_0002.nii,20,20,20,0.0421218608454284,0.0608027235674263
SUJETO_774F4A36,con_0002.nii,20,20,20,-0.167108583593308,0.0830226649460351
SUJETO_7B0E6648,con_0002.nii,20,20,20,-0.125227287035398,0.0388175368205828
SUJETO_7E1D6F1A,con_0002.nii,20,20,20,0.0762071533392024,0.0921111764966004
SUJETO_80570E8A,con_0002.nii,20,20,20,-0.0370573657117972,0.0534824794986181
SUJETO_80F4D7DA,con_0002.nii,20,20,20,0.120325323307153,0.0514595133282939
SUJETO_85DB03A2,con_0002.nii,20,20,20,0.114423641586921,0.0907880369636832
SUJETO_8E872371,con_0002.nii,20,20,20,0.185926727722446,0.0551220314181552
SUJETO_96083B42,con_0002.nii,20,20,20,-0.101945667367692,0.173654166695895
SUJETO_9AE17E76,con_0002.nii,20,20,20,-4.72285530783913e-05,0.0276155605045627
SUJETO_9D0BD287,con_0002.nii,20,20,20,0.0298948763502818,0.0921661153677631
SUJETO_A90BAD1A,con_0002.nii,20,20,20,-0.262374990779643,0.137826110383585
SUJETO_ACAFF5CE,con_0002.nii,20,20,20,-0.100149628232384,0.0800523019287264
SUJETO_B7FBB303,con_0002.nii,20,20,20,0.283956033939665,0.16567046979483
SUJETO_C28223BA,con_0002.nii,20,20,20,-0.0486838975286281,0.0696250256804617
SUJETO_C36569E9,con_0002.nii,20,20,20,-0.0443697957665368,0.0626123081476972
SUJETO_C3D9E000,con_0002.nii,20,20,20,0.125976247280234,0.0421871431137914
SUJETO_C730BC55,con_0002.nii,20,20,20,0.043707642226828,0.0408142181085335
SUJETO_C9AC0C57,con_0002.nii,20,20,20,-0.128799919151899,0.0396473803242952
SUJETO_CFEB32C5,con_0002.nii,20,20,20,0.10590839014398,0.0770818498399026
SUJETO_D04E11ED,con_0002.nii,20,20,20,0.127435926451451,0.0662689889190936
SUJETO_D72D8A7C,con_0002.nii,20,20,20,-0.0660349772960851,0.0324717358675659
SUJETO_DABE6ACB,con_0002.nii,20,20,20,0.322332043859242,0.188767011833872
SUJETO_DCC3C5A9,con_0002.nii,20,20,20,0.0125269974309086,0.0302439719502687
SUJETO_DCCC88FD,con_0002.nii,20,20,20,0.137095301402639,0.0385595350384124
SUJETO_E1314C94,con_0002.nii,20,20,20,-0.182462204435859,0.0305417820908136
SUJETO_E29AEEC5,con_0002.nii,20,20,20,-0.214308587514391,0.0812616868985673
SUJETO_E844AFE8,con_0002.nii,20,20,20,0.293898818920357,0.102567667946753
SUJETO_E9306FB7,con_0002.nii,20,20,20,0.0244105492972515,0.0636051197196425
SUJETO_E97CF70E,con_0002.nii,20,20,20,-0.112667204437641,0.0744130386341804
SUJETO_E9EC652D,con_0002.nii,20,20,20,0.0312557738307261,0.054378683760654
SUJETO_EAFB7359,con_0002.nii,20,20,20,-0.327039712193337,0.127286010937195
SUJETO_EFE9883F,con_0002.nii,20,20,20,-0.0124247266012573,0.105746439599048
SUJETO_FDDFFE87,con_0002.nii,20,20,20,0.0119682060045454,0.0440645675727544
SUJETO_0000621,con_0003.nii,20,20,20,-0.0781074106208792,0.0621527335063966
SUJETO_0005719,con_0003.nii,20,20,20,0.0941319270717977,0.0874173111518795
SUJETO_0006562,con_0003.nii,20,20,20,-0.033735938596003,0.0404581479117974
SUJETO_0012643,con_0003.nii,20,20,20,-0.0262000410875771,0.024110852843531
SUJETO_0014011,con_0003.nii,20,20,20,0.177845587474153,0.0579131414137889
SUJETO_0014895,con_0003.nii,20,20,20,0.0412618181517705,0.0369068338440538
SUJETO_0016883,con_0003.nii,20,20,20,0.10297558313198,0.0516104436376704
SUJETO_0020285,con_0003.nii,20,20,20,0.104393307451215,0.109092596894127
SUJETO_0020703,con_0003.nii,20,20,20,-0.10114626127361,0.0257557722917137
SUJETO_0020974,con_0003.nii,20,20,20,-0.21217325871641,0.12385621461619
SUJETO_0025948,con_0003.nii,20,20,20,0.23964624716477,0.0484023358190283
SUJETO_0026622,con_0003.nii,20,20,20,-0.070929087679645,0.0414904216598006
SUJETO_0027033,con_0003.nii,20,20,20,-0.0135071993654951,0.031699869930133
SUJETO_0027042,con_0003.nii,20,20,20,-0.113779158152715,0.0342347976113736
SUJETO_0027510,con_0003.nii,20,20,20,0.110830565707551,0.0517868847170948
SUJETO_0028207,con_0003.nii,20,20,20,-0.238942635480804,0.0412972548878266
SUJETO_0030383,con_0003.nii,20,20,20,0.0721565784623075,0.067360834822337
SUJETO_0030459,con_0003.nii,20,20,20,-0.0239248535398281,0.0318924962758977
SUJETO_0031826,con_0003.nii,20,20,20,-0.397904742095206,0.123412150130781
SUJETO_0032413,con_0003.nii,20,20,20,0.0439979570607344,0.126698764238148
SUJETO_0033050,con_0003.nii,20,20,20,0.0659100418449427,0.032035624705676
SUJETO_0034539,con_0003.nii,20,20,20,-0.186955752547341,0.0518986616200973
SUJETO_0036567,con_0003.nii,20,20,20,0.152396044533963,0.0535937950115706
SUJETO_0040017,con_0003.nii,20,20,20,0.0925819993917501,0.0445922535749741
SUJETO_0040081,con_0003.nii,20,20,20,0.0741316888697746,0.0461511023495513
SUJETO_0048205,con_0003.nii,20,20,20,-0.0519456509994625,0.0723780152478059
SUJETO_0048533,con_0003.nii,20,20,20,-0.0164833704663459,0.0378757362435692
SUJETO_0050473,con_0003.nii,20,20,20,0.126012196858423,0.0523301196858184
SUJETO_0051018,con_0003.nii,20,20,20,-0.0685337977836642,0.0506895973445576
SUJETO_0053568,con_0003.nii,20,20,20,-0.0864436156069389,0.0513222502129717
SUJETO_0058378,con_0003.nii,20,20,20,0.00221768735950305,0.0711409289611487
SUJETO_005868,con_0003.nii,20,20,20,-0.100243347631109,0.0896365013303948
SUJETO_0065422,con_0003.nii,20,20,20,0.0847160605563208,0.0362029181276678
SUJETO_0066360,con_0003.nii,20,20,20,-0.0546965655691997,0.025574466703794
SUJETO_0068071,con_0003.nii,20,20,20,0.0645356438466056,0.066846850419648
SUJETO_0068784,con_0003.nii,20,20,20,0.067370332229525,0.0412026295164644
SUJETO_0071765,con_0003.nii,20,20,20,0.0204505911896551,0.0703459779965283
SUJETO_0073050,con_0003.nii,20,20,20,-0.0622496707411953,0.0379738763295097
SUJETO_0073105,con_0003.nii,20,20,20,-0.0583044864528935,0.0605888089016136
SUJETO_0073942,con_0003.nii,20,20,20,-0.0449451068886603,0.0851305070020239
SUJETO_0074431,con_0003.nii,20,20,20,0.394368308361131,0.0486734527487585
SUJETO_02DE544A,con_0003.nii,20,20,20,-0.016892581947637,0.0859264402608274
SUJETO_06DA9741,con_0003.nii,20,20,20,0.000895306032922382,0.0184033997526068
SUJETO_07280530,con_0003.nii,20,20,20,-0.076180697879707,0.0217566926713595
SUJETO_077F2B56,con_0003.nii,20,20,20,-0.0420292970169373,0.0934438965966851
SUJETO_0BF947EC,con_0003.nii,20,20,20,0.00436690433957435,0.0303786116993851
SUJETO_11124BAD,con_0003.nii,20,20,20,0.0714026435532353,0.0412128012095771
SUJETO_151573D2,con_0003.nii,20,20,20,-0.176496485718573,0.0577533543584584
SUJETO_18C10E9C,con_0003.nii,20,20,20,-0.210063761043729,0.142474366782897
SUJETO_1BB5AD4B,con_0003.nii,20,20,20,-0.000713394826626161,0.0456959343805338
SUJETO_1D9A94B2,con_0003.nii,20,20,20,-0.0655378715189249,0.0357702591071351
SUJETO_2158631B,con_0003.nii,20,20,20,0.119892980724648,0.0560900455089056
SUJETO_225A39E1,con_0003.nii,20,20,20,0.064698288054911,0.0326792546358775
SUJETO_2608C5D2,con_0003.nii,20,20,20,-0.0101379018013525,0.261018560952751
SUJETO_2736348D,con_0003.nii,20,20,20,0.0562767518750119,0.0876730685831205
SUJETO_282108E8,con_0003.nii,20,20,20,-0.109318305418422,0.0917225120745314
SUJETO_2A9AAA08,con_0003.nii,20,20,20,0.0562013782716046,0.0828207572372719
SUJETO_2C6C72AD,con_0003.nii,20,20,20,-0.380393029162378,0.042337369849664
SUJETO_2CD1C0E6,con_0003.nii,20,20,20,-0.17405400330182,0.0744808264453103
SUJETO_32E036E7,con_0003.nii,20,20,20,0.0108983685554128,0.0333860898923541
SUJETO_33DCFF34,con_0003.nii,20,20,20,-0.0491064611664794,0.0332230922718166
SUJETO_39B35DCB,con_0003.nii,20,20,20,-0.0812911464352951,0.0420650223191781
SUJETO_3E78614C,con_0003.nii,20,20,20,-0.0361957681139536,0.0660258204389338
SUJETO_4517150C,con_0003.nii,20,20,20,-0.121308993491711,0.0692007521611764
SUJETO_4541440B,con_0003.nii,20,20,20,-0.0401221928280788,0.0520988273359377
SUJETO_46315DBC,con_0003.nii,20,20,20,-0.0387670776543367,0.0590771920366681
SUJETO_4CA6CEF4,con_0003.nii,20,20,20,-0.010313633161437,0.102717832486249
SUJETO_4E042FB0,con_0003.nii,20,20,20,0.069526347073002,0.0815911194616933
SUJETO_5061298E,con_0003.nii,20,20,20,0.0172918550282096,0.0415076860286833
SUJETO_529B55B0,con_0003.nii,20,20,20,0.000116549448740452,0.0602045832742881
SUJETO_52C54AB9,con_0003.nii,20,20,20,-0.0486825004695077,0.0616812736104437
SUJETO_587BBCBB,con_0003.nii,20,20,20,-0.00626985438995891,0.0539960810273559
SUJETO_5FC6B519,con_0003.nii,20,20,20,0.0156561715100337,0.0413641323110485
SUJETO_61B0C637,con_0003.nii,20,20,20,-0.343956669924235,0.0777476079077799
SUJETO_63C82DC6,con_0003.nii,20,20,20,-0.0821715063142656,0.0220443534905879
SUJETO_6462FBBC,con_0003.nii,20,20,20,-0.00543077003017933,0.0230537870509226
SUJETO_649D6CD3,con_0003.nii,20,20,20,-0.0829243184998631,0.0598272619181427
SUJETO_66362819,con_0003.nii,20,20,20,0.0870834309984036,0.0523340748210722
SUJETO_665D6EAB,con_0003.nii,20,20,20,0.17178299329761,0.135437079296522
SUJETO_685CAE59,con_0003.nii,20,20,20,0.0301442286352429,0.101243731441802
SUJETO_6FCE57C3,con_0003.nii,20,20,20,0.00831198366829241,0.0388652191262122
SUJETO_725769F0,con_0003.nii,20,20,20,-0.0227313595682834,0.0541493350910594
SUJETO_72B8E12C,con_0003.nii,20,20,20,0.110657297563974,0.0312489802066046
SUJETO_74A044C9,con_0003.nii,20,20,20,-0.100624090653252,0.0716988038081393
SUJETO_774F4A36,con_0003.nii,20,20,20,0.155420399129842,0.0633429796257779
SUJETO_7B0E6648,con_0003.nii,20,20,20,-0.0654648065548202,0.0491537162474204
SUJETO_7E1D6F1A,con_0003.nii,20,20,20,-0.00916403508039586,0.140722738213989
SUJETO_80570E8A,con_0003.nii,20,20,20,0.0732698293986044,0.0219473151353819
SUJETO_80F4D7DA,con_0003.nii,20,20,20,0.0210706880974649,0.0802613182455041
SUJETO_85DB03A2,con_0003.nii,20,20,20,-0.239398523450199,0.0903528791296869
SUJETO_8E872371,con_0003.nii,20,20,20,-0.00415306380771176,0.030606791252693
SUJETO_96083B42,con_0003.nii,20,20,20,0.194488633913223,0.083066767635381
SUJETO_9AE17E76,con_0003.nii,20,20,20,0.0956477656057387,0.0121937959028375
SUJETO_9D0BD287,con_0003.nii,20,20,20,-0.064831836732349,0.0245537789630542
SUJETO_A90BAD1A,con_0003.nii,20,20,20,0.098334019486275,0.106915980284489
SUJETO_ACAFF5CE,con_0003.nii,20,20,20,0.0685862541067028,0.0495245365812695
SUJETO_B7FBB303,con_0003.nii,20,20,20,-0.0499421590139544,0.170293309207944
SUJETO_C28223BA,con_0003.nii,20,20,20,0.0443052925225912,0.0632737033844743
SUJETO_C36569E9,con_0003.nii,20,20,20,-0.0492647318298825,0.0544203000054457
SUJETO_C3D9E000,con_0003.nii,20,20,20,-0.0690826692058695,0.081987832175833
SUJETO_C730BC55,con_0003.nii,20,20,20,0.10334784000397,0.054100542539435
SUJETO_C9AC0C57,con_0003.nii,20,20,20,0.0349734933868126,0.0734486103676952
SUJETO_CFEB32C5,con_0003.nii,20,20,20,-0.0860357196211363,0.035435577594636
SUJETO_D04E11ED,con_0003.nii,20,20,20,-0.0782335185765693,0.0471660957100845
SUJETO_D72D8A7C,con_0003.nii,20,20,20,-0.0774015682923485,0.0559893771073886
SUJETO_DABE6ACB,con_0003.nii,20,20,20,0.296053485248727,0.166078811948545
SUJETO_DCC3C5A9,con_0003.nii,20,20,20,-0.0254980528520213,0.0506706142914375
SUJETO_DCCC88FD,con_0003.nii,20,20,20,0.0367849814809031,0.0739899060775918
SUJETO_E1314C94,con_0003.nii,20,20,20,0.101525021886284,0.0511892151119023
SUJETO_E29AEEC5,con_0003.nii,20,20,20,0.218023417047178,0.0761252300216843
SUJETO_E844AFE8,con_0003.nii,20,20,20,-0.227678961186397,0.0892860833753152
SUJETO_E9306FB7,con_0003.nii,20,20,20,0.0227990604165678,0.0370353648240922
SUJETO_E97CF70E,con_0003.nii,20,20,20,0.137935846893474,0.0264882257604463
SUJETO_E9EC652D,con_0003.nii,20,20,20,0.027426996805136,0.0519511824161737
SUJETO_EAFB7359,con_0003.nii,20,20,20,0.073328441860286,0.0981508148780128
SUJETO_EFE9883F,con_0003.nii,20,20,20,-0.0270543337583241,0.0566904025310534
SUJETO_FDDFFE87,con_0003.nii,20,20,20,-0.143027962759288,0.0747105920400621
